lastAccountName: Cloud9_aqua
timestamps:
  login: 1620462669731
  logout: 1620462680524
  lastteleport: 1618050770058
ipAddress: 103.216.190.31
lastlocation:
  world: world
  x: -265.69999998807907
  y: 64.0
  z: -178.69999998807907
  yaw: -264.24677
  pitch: 37.61618
logoutlocation:
  world: world
  x: -87.69999998807907
  y: 67.0
  z: -236.50707006939362
  yaw: -57.05969
  pitch: 28.688915
