lastAccountName: SuitedSteve
timestamps:
  login: 1617873960060
  lastteleport: 1617874108567
  logout: 1617873927310
ipAddress: 144.136.20.94
lastlocation:
  world: world
  x: 59.48346942486308
  y: 63.0
  z: -41.46992535414737
  yaw: 273.27164
  pitch: 79.164314
logoutlocation:
  world: world
  x: -789.5
  y: 61.5625
  z: -91.69999998807907
  yaw: 0.0
  pitch: 0.0
