lastAccountName: _kosumoki_
timestamps:
  login: 1621938048416
  logout: 1621939327902
ipAddress: 14.200.116.106
lastlocation:
  world: world
  x: 0.5
  y: 64.0
  z: 0.5
  yaw: 0.0
  pitch: 0.0
logoutlocation:
  world: world
  x: 143.123231941651
  y: 76.0
  z: -51.30000001192093
  yaw: -7.397782
  pitch: 3.6000924
