lastAccountName: BigBossDil
timestamps:
  login: 1621934699504
  logout: 1621940878108
ipAddress: 120.159.60.129
lastlocation:
  world: world
  x: 0.5
  y: 64.0
  z: 0.5
  yaw: 0.0
  pitch: 0.0
logoutlocation:
  world: world
  x: 82.09294497507904
  y: 55.0
  z: -25.234280392167996
  yaw: -214.27002
  pitch: -13.2008505
