lastAccountName: Quayles78
timestamps:
  login: 1621772857725
  lastteleport: 1621773572134
  logout: 1621773599485
ipAddress: 203.206.68.180
lastlocation:
  world: world
  x: -451.4651835688454
  y: 74.0
  z: 1826.9287432417937
  yaw: 49.02466
  pitch: 21.00012
logoutlocation:
  world: world
  x: -397.5
  y: 70.875
  z: 1864.5
  yaw: -4.94156E-6
  pitch: 0.0
godmode: false
afk: false
homes:
  home:
    world: world
    x: -397.5
    y: 70.875
    z: 1864.5
    yaw: 0.0
    pitch: 0.0
  village:
    world: world
    x: -676.9551237439539
    y: 65.0
    z: 1611.2525965245889
    yaw: -290.277
    pitch: 55.709965
  village2:
    world: world
    x: 864.2574634867971
    y: 75.0
    z: 1561.5713841515146
    yaw: 51.380615
    pitch: 26.550114
  water:
    world: world
    x: 1445.312065459507
    y: 63.0
    z: -202.541957289137
    yaw: -275.52362
    pitch: 33.025772
