lastAccountName: polariginal
timestamps:
  login: 1620549054974
  lastteleport: 1617710796128
  logout: 1620549127719
ipAddress: 49.180.102.101
lastlocation:
  world: world
  x: -4.943365061751945
  y: 77.0
  z: 2.9661416832294187
  yaw: 64.352356
  pitch: 24.29996
logoutlocation:
  world: world
  x: -406.58667408129855
  y: 63.0
  z: -66.13220811788253
  yaw: -296.30334
  pitch: 16.949774
