lastAccountName: real_chezboi
timestamps:
  login: 1618139051199
  logout: 1618141936065
  lastteleport: 1618141356489
ipAddress: 115.129.141.117
lastlocation:
  world: world
  x: -4.911353637208322
  y: 11.0
  z: -308.8499234053114
  yaw: 183.54199
  pitch: 24.655376
logoutlocation:
  world: world
  x: -84.52169573676619
  y: 63.0
  z: -255.6514925491482
  yaw: -87.75195
  pitch: 9.599991
