lastAccountName: Grand_Wizard2000
timestamps:
  login: 1617621043582
  logout: 1617624660303
  lastteleport: 1617623900332
ipAddress: 119.18.2.231
lastlocation:
  world: world
  x: -192.507940017372
  y: 30.0
  z: -258.9536958563755
  yaw: 52.005615
  pitch: 26.245422
logoutlocation:
  world: world
  x: -52.83374345831802
  y: 64.0
  z: -288.06139172698045
  yaw: 268.555
  pitch: 0.74295807
