lastAccountName: Elzillatron
timestamps:
  login: 1618294414041
  logout: 1618295691316
  lastteleport: 1618293558776
ipAddress: 203.158.48.181
lastlocation:
  world: world
  x: 77.0
  y: 64.92159999847412
  z: -82.0
  yaw: 218.64157
  pitch: 63.617004
logoutlocation:
  world: world
  x: 74.43421599261087
  y: 63.0
  z: -79.76084129042432
  yaw: 134.4873
  pitch: 61.87456
nickname: §aElzillatron
