lastAccountName: CorroboreeFrog
timestamps:
  login: 1617621037477
  logout: 1617625579801
ipAddress: 119.18.2.18
lastlocation:
  world: world
  x: 0.5
  y: 64.0
  z: 0.5
  yaw: 0.0
  pitch: 0.0
logoutlocation:
  world: world
  x: 56.30000001192093
  y: 56.0
  z: -96.30000001192093
  yaw: -43.216797
  pitch: 35.65248
