lastAccountName: shalottttttttt
timestamps:
  login: 1618293081686
  lastteleport: 1618293570404
  logout: 1618294103969
ipAddress: 120.156.48.27
lastlocation:
  world: world
  x: 74.68497254931215
  y: 64.0
  z: -82.171575736854
  yaw: 295.65
  pitch: 28.950003
logoutlocation:
  world: world
  x: -788.3000000119209
  y: 10.0
  z: -111.00745692596678
  yaw: 357.89844
  pitch: 32.999954
