lastAccountName: boba_fett13
timestamps:
  login: 1617342468734
  logout: 1617342727494
ipAddress: 10.1.1.178
lastlocation:
  world: world
  x: 0.5
  y: 64.0
  z: 0.5
  yaw: 0.0
  pitch: 0.0
logoutlocation:
  world: world
  x: -2.8500999723454887
  y: 66.0
  z: 26.173014585593876
  yaw: -9.490716
  pitch: -23.411228
