lastAccountName: Imuy_Mil
timestamps:
  login: 1620456450757
  logout: 1620462679325
ipAddress: 110.175.203.45
lastlocation:
  world: world
  x: -356.3374873808886
  y: 73.41999998688698
  z: 252.69999998807907
  yaw: -5.5565796
  pitch: 29.400696
logoutlocation:
  world: world
  x: -77.2556106434169
  y: 63.0
  z: -232.94148664302247
  yaw: -237.74908
  pitch: 28.050163
