lastAccountName: _Nose
timestamps:
  login: 1617614898877
  logout: 1617615791245
ipAddress: 143.238.197.225
lastlocation:
  world: world
  x: 0.5
  y: 64.0
  z: 0.5
  yaw: 0.0
  pitch: 0.0
logoutlocation:
  world: world
  x: -60.99502136968168
  y: 64.0
  z: -822.2644776591866
  yaw: -218.69873
  pitch: 8.999975
