lastAccountName: EdgiestSomeone
timestamps:
  login: 1621164389802
  logout: 1621168557444
  lastteleport: 1621167794223
ipAddress: 101.184.33.135
lastlocation:
  world: world
  x: -532.4159491239028
  y: 12.0
  z: -348.41681538492213
  yaw: 107.071045
  pitch: 47.177467
logoutlocation:
  world: world
  x: -411.32473182294206
  y: 63.0
  z: -26.84380518008023
  yaw: -65.61304
  pitch: 23.804564
