jails: 
  h: 
    world: world
    x: -412.4697158995482
    y: 63.0
    z: -21.546098479343286
    yaw: -226.49048
    pitch: 16.349867
