spawns: 
  nhanche1: 
    world: world
    x: 39.55734257165082
    y: 63.0
    z: 76.65940362684077
    yaw: 282.84518
    pitch: 32.425354
  spawner1: 
    world: world
    x: -412.7979663132725
    y: 63.0
    z: -73.97903204357304
    yaw: 340.8078
    pitch: 19.685965
  "@e": 
    world: world
    x: 70.2026171011825
    y: 63.0
    z: -92.87103290859768
    yaw: 270.00143
    pitch: 20.550041
  quayles78: 
    world: world
    x: 68.28284863774722
    y: 63.0
    z: -94.33892202461887
    yaw: -87.450066
    pitch: 23.399973
