world: world
x: -412.61406322388086
y: 63.0
z: -20.212221471841158
yaw: -358.04132
pitch: 22.79988
name: h
lastowner: 8ef0692d-01ac-4098-805d-73a20097830f
